1200 800
200 150 150 0.00308298
100 150 200 0.00343741
250 200 200 0.00387487
200 150 100 0.00404701
50 100 150 0.00411334
50 150 100 0.00436802
100 100 50 0.00449713
150 100 50 0.00498067
0 50 50 0.00515687
200 200 150 0.00740797
50 50 100 0.00809605
250 250 200 0.00827327
150 150 100 0.00828137
50 50 50 0.00872693
100 150 150 0.0100651
100 100 100 0.0124053
200 200 200 0.0146083
150 150 150 0.017663
50 100 100 0.0185516
150 250 250 0.0273494
50 200 250 0.0273843
50 150 250 0.0344338
0 100 200 0.0433906
200 200 250 0.0455035
200 250 250 0.0477075
150 200 250 0.0517737
250 250 250 0.0603179
100 200 250 0.0839185
0 150 250 0.209135
0 100 250 0.217448
